    14836762            0       312401        63791          919            0        13065            0            0          410            0            0       151447
           0     12890715        50665            0          302            0         3798        14674        14062        10572          651            0        15457
       73858        32901     22403149        30998        43977        55046        16028         6619        24293        87889          492         7248       237395
        8554            0         9146            0            0            0            0            0            0           19            0            0         4705
        4245         2220      1058520            0       257670         4561         7813          406         2963        37278            0            0         7711
       49924         5477       635203           79          658      1654106       240692          234         2555         3728            0            0       171356
        1420         7736       552658           98            0            0      1771331           37          331        14547            0         2202        34099
           0        18626         2585            0            0            0           57      1414827        16936          821            0            0        11974
           0        14133        69508            0           57            0          740        12702      2678534        33742            0            0       139505
        7391        16171       592961          124         5560          218        29914         1310        60489      6616116            0           13       801374
           0          836         4149            0            0            0            0        23826        13181           95       140845            0        29070
           0           34       257452            0            0         3263           55           32          490         4401            0       620865        47164
      269613        21608       809942        20911         8415        37481        28627        25532       141043       545588         3055         8451      5152785
